image: amphiE.pgm
resolution: 0.020000
origin: [-12.433010, -16.603035, 0.000000]
negate: 0
occupied_thresh: 0.65
free_thresh: 0.196

