image: D103.pgm
resolution: 0.010000
origin: [-1.578144, -2.150853, 0.000000]
negate: 0
occupied_thresh: 0.65
free_thresh: 0.196

