image: D_building.pgm
resolution: 0.010000
origin: [-11.407421, -8.829269, 0.000000]
negate: 0
occupied_thresh: 0.65
free_thresh: 0.196

